894
1026
2124
3000
2911
2809
2809
2836
2809
2809
1959
2760
3009
2799
2568
3260
3336
3336
3336
3467
3549
1125
1916
2323
2085
2161
3776
3776
3369
120
102
120
88
119
118
112
120
120
121
133
116
119
119
119
156
140
1545
1591
1472
1997
1982
820
1662
1724
1721
1748
1767
1756
1864
1932
1870
1874
1743
1935
1240
1900
1200
1990
1200
2023
1201
1830
1680
1891
1674
1977
1871
1955
1869
1967
1871
1968
1654
1846
1699
1670
1881
1975
1554
1642
1727
1737
1612
1489
1462
1490
1533
1489
1538
1490
1538
1490
1515
1489
1457
1486
1435
1498
1430
1491
1496
1491
1496
1563
1443
1490
1425
1490
1372
1470
1425
1470
1425
1437
1447
1515
1487
1425
1482
1490
1425
1413
1492
1452
1481
1426
1446
1514
1420
1456
1514
1423
1452
1511
1401
1436
1511
1491
1454
1495
1482
1421
1584
1491
1491
1484
1491
1428
1531
1491
1363
1629
1379
1398
1636
1465
1415
1502
1464
1484
1541
1452
1487
1493
1489
1487
1494
1492
1450
1492
1494
1543
1482
1519
1611
1576
1702
1364
1408
1407
1517
1871
1702
1363
1412
1699
1609
1807
1811
1576
1739
1706
1771
