0
1024
3072
6144
9216
12288
15360
18432
21504
24576
27648
29696
32768
35840
38912
41984
46080
50176
54272
58368
62464
66560
68608
70656
73728
76800
79872
83968
88064
92160
93184
94208
95232
96256
97280
98304
99328
100352
101376
102400
103424
104448
105472
106496
107520
108544
109568
111616
113664
115712
117760
119808
120832
122880
124928
126976
129024
131072
133120
135168
137216
139264
141312
143360
145408
147456
149504
151552
153600
155648
157696
159744
161792
163840
165888
167936
169984
172032
174080
176128
178176
180224
182272
184320
186368
188416
190464
192512
194560
196608
198656
200704
202752
204800
206848
208896
210944
212992
215040
217088
219136
221184
223232
225280
227328
229376
231424
233472
235520
237568
239616
241664
243712
245760
247808
249856
251904
253952
256000
258048
260096
262144
264192
266240
268288
270336
272384
274432
276480
278528
280576
282624
284672
286720
288768
290816
292864
294912
296960
299008
301056
303104
305152
307200
309248
311296
313344
315392
317440
319488
321536
323584
325632
327680
329728
331776
333824
335872
337920
339968
342016
344064
346112
348160
350208
352256
354304
356352
358400
360448
362496
364544
366592
368640
370688
372736
374784
376832
378880
380928
382976
385024
387072
389120
391168
393216
395264
397312
399360
401408
403456
405504
407552
409600
411648
413696
415744
417792
419840
421888
423936
425984
428032
430080
